327147.40400000 4727499.33400000
327140.33400000 4727504.20500000
327158.96400000 4727473.23300000
327198.66300000 4727410.35900000
327228.27900000 4727367.50900000
327244.41900000 4727346.03800000
327262.54400000 4727322.58500000
327322.63300000 4727404.12300000
327321.32400000 4727405.08700000
327202.52400000 4727492.92700000
327200.67700000 4727490.56200000
327184.23400000 4727502.71400000
327170.05200000 4727483.90000000
327165.91500000 4727486.69600000
327156.52100000 4727493.14400000
327147.40400000 4727499.33400000
327147.40400000 4727499.33400000
327140.33400000 4727504.20500000
327158.96400000 4727473.23300000
327198.66300000 4727410.35900000
327228.27900000 4727367.50900000
327244.41900000 4727346.03800000
327262.54400000 4727322.58500000
327322.63300000 4727404.12300000
327321.32400000 4727405.08700000
327202.52400000 4727492.92700000
327200.67700000 4727490.56200000
327184.23400000 4727502.71400000
327170.05200000 4727483.90000000
327165.91500000 4727486.69600000
327156.52100000 4727493.14400000
327147.40400000 4727499.33400000
327147.40400000 4727499.33400000
327140.33400000 4727504.20500000
327158.96400000 4727473.23300000
327198.66300000 4727410.35900000
327228.27900000 4727367.50900000
327244.41900000 4727346.03800000
327262.54400000 4727322.58500000
327322.63300000 4727404.12300000
327321.32400000 4727405.08700000
327202.52400000 4727492.92700000
327200.67700000 4727490.56200000
327184.23400000 4727502.71400000
327170.05200000 4727483.90000000
327165.91500000 4727486.69600000
327156.52100000 4727493.14400000
327147.40400000 4727499.33400000
327147.40400000 4727499.33400000
327140.33400000 4727504.20500000
327158.96400000 4727473.23300000
327198.66300000 4727410.35900000
327228.27900000 4727367.50900000
327244.41900000 4727346.03800000
327262.54400000 4727322.58500000
327322.63300000 4727404.12300000
327321.32400000 4727405.08700000
327202.52400000 4727492.92700000
327200.67700000 4727490.56200000
327184.23400000 4727502.71400000
327170.05200000 4727483.90000000
327165.91500000 4727486.69600000
327156.52100000 4727493.14400000
327147.40400000 4727499.33400000
